2, 6.001999963700655e-06, 8.339000032719923e-06, 1.0932000009233889e-05
3, 5.869000005986891e-06, 1.1904000075446675e-05, 1.3178000017433078e-05
4, 7.30500005374779e-06, 1.4781000004404632e-05, 1.5663999988646538e-05
5, 8.542000045963505e-06, 1.9282999915049004e-05, 2.0105000089643e-05
6, 9.304000059273676e-06, 2.2395999963009672e-05, 2.230400002645183e-05
7, 9.911999995892984e-06, 2.671699996881216e-05, 2.744500000062544e-05
8, 1.0660999919309688e-05, 3.0003999995642516e-05, 3.0858000059197366e-05
9, 1.1311000093883194e-05, 3.202499999588326e-05, 3.414699995119008e-05
10, 1.3257999967208889e-05, 3.827500006536866e-05, 3.461500000412343e-05
11, 1.6221999999288528e-05, 4.428499994446611e-05, 3.749299992250599e-05
12, 2.3268000063580985e-05, 4.5929999942018185e-05, 4.5313999976315245e-05
13, 2.5569000058567326e-05, 5.235499997979787e-05, 4.43129999894154e-05
14, 1.3006000017412589e-05, 5.281599999307218e-05, 5.02919999689766e-05
15, 2.396700006102037e-05, 5.978200010758883e-05, 5.1742999971793324e-05
16, 2.9937000022073335e-05, 6.444299992836022e-05, 5.7064999964495655e-05
17, 3.1807999903321615e-05, 7.041899993964762e-05, 5.756099994869146e-05
18, 3.0304000006253773e-05, 7.24459999901228e-05, 6.235899991224869e-05
19, 3.310900001451955e-05, 8.001499998044892e-05, 6.830300003457523e-05
20, 3.6389999991115474e-05, 8.368299995709094e-05, 7.267600005889108e-05
21, 4.227400006584503e-05, 8.767700001044432e-05, 7.252199998220021e-05
22, 5.098600001929299e-05, 8.816000001843349e-05, 7.636000009370036e-05
23, 5.2321999987725576e-05, 9.682400002475333e-05, 8.700900002622802e-05
24, 5.2665999987766554e-05, 0.0001020180000068649, 9.235800007445505e-05
25, 6.55929999311411e-05, 0.00010814799998115632, 9.141999998973915e-05
26, 6.444300004204706e-05, 0.00011424799993164925, 0.00010472099995695316
27, 6.891299995004374e-05, 0.00011962400003540097, 9.340099995824858e-05
28, 6.3372999989042e-05, 0.0001243890000068859, 0.00010554900006809476
29, 7.305400004042895e-05, 0.00012643200000184152, 0.00011020500005542999
30, 8.365700000467768e-05, 0.00012874599997303449, 0.00011794199997439136
31, 8.639600002879888e-05, 0.00013615299997127295, 0.0001104009999153277
32, 9.462200000598386e-05, 0.00014067000006434682, 0.00011306099997909769
33, 9.814899999582849e-05, 0.000147130000073048, 0.00011573099993711367
34, 9.370899999794347e-05, 0.00015334299996538903, 0.00012272899994059117
35, 9.464400000069872e-05, 0.00015613999994457117, 0.00012689300001511583
36, 0.00011033799989945692, 0.00016182900003514078, 0.00013405899994722859
37, 0.0001069189999043374, 0.0001681079999116264, 0.00013687200009826483
38, 0.00010235600007035828, 0.00017311499993866164, 0.00014526999996178347
39, 0.00011522699992383423, 0.00017961999992621713, 0.00014975500005220965
40, 0.00011148600003707543, 0.0001884570000356689, 0.00014136999993752397
41, 0.0001223509999590533, 0.00018932700004370417, 0.00015760299993416993
42, 0.00013309199994182563, 0.0001957330000550428, 0.00014808999992510508
43, 0.00013840799999798037, 0.0002034509999475631, 0.0001550150000184658
44, 0.00015835399995012267, 0.0002110300000595089, 0.00015998700007457956
45, 0.0001798800000187839, 0.00021523899999920104, 0.00016797000000678963
46, 0.00016831900006764045, 0.00021772600007352594, 0.00016985299998850678
47, 0.00016957900004399562, 0.00022231000002648216, 0.00018340799999805313
48, 0.00019533600004706386, 0.0002287940000087474, 0.00019362299997283117
49, 0.00017547300001297117, 0.00023228899999594432, 0.00017725800000789604
50, 0.0002520010000353068, 0.00023831300006804668, 0.00018301900001915783
51, 0.00020430100005341956, 0.0002469099999871105, 0.0001862120000168943
52, 0.00018872900000133086, 0.0002494059999662568, 0.0001896200000146564
53, 0.00024826300000313495, 0.000255808000019897, 0.00020507499993982492
54, 0.00024246500004210247, 0.00026281999998900574, 0.00020520900000065012
55, 0.00020484199990278285, 0.00026577300002372795, 0.0002058339999848613
56, 0.00023347800004103192, 0.00027326600002197665, 0.0002162579999094305
57, 0.00025382000001172855, 0.00027869499990629265, 0.00021053000000392785
58, 0.00027650200001971825, 0.0002834800000073301, 0.00022216499996829953
59, 0.000268392000066342, 0.00028498899996520777, 0.00022476799995274632
60, 0.00027657500004352187, 0.000294638000013947, 0.0002182440000524366
61, 0.0002854919999890626, 0.0002991779999774735, 0.00023180400000910595
62, 0.00028852900004494586, 0.0003062389999968218, 0.0002747369999269722
63, 0.0002895379999472425, 0.00031343499995273305, 0.00023616400005721516
64, 0.0003076229999123825, 0.0003104969999867535, 0.00024139499998909741
65, 0.0003293080000048576, 0.00032233899992206716, 0.00024496699995779636
66, 0.00030872299998918606, 0.0003275499999517706, 0.0002563250000093831
67, 0.0003251470000122936, 0.0003325670001004255, 0.00026487799993901717
68, 0.00040863200001695077, 0.0003348689999711496, 0.00025898500007315306
69, 0.0003514669999731268, 0.0003516320000471751, 0.00025727699994604336
70, 0.0004020960000161722, 0.0003517009999995935, 0.00027681799997480994
71, 0.00034062099996390316, 0.0003639000000248416, 0.00026962199990521185
72, 0.0003815190000295843, 0.00037573300005533383, 0.0002824789999067434
73, 0.00046383500000501954, 0.00037082899996221386, 0.00030664400003388437
74, 0.0004293850000749444, 0.000383888999976989, 0.00028070099995147757
75, 0.0004732350000722363, 0.00039090899997518136, 0.0002870389999998224
76, 0.0004510140000775209, 0.0003932770000574237, 0.0002926710000110688
77, 0.0004951150000351845, 0.000400210999941919, 0.0002940869999292772
78, 0.0004448340000635653, 0.0004027710000400475, 0.0003089159999944968
79, 0.0004979670000011538, 0.00040965400000914087, 0.0002976279999984399
80, 0.0004618100000470804, 0.00041584199993849325, 0.0003059329999359761
81, 0.0004564149999168876, 0.00041421500009164447, 0.00030350899999120884
82, 0.0005565180000530745, 0.0004258740000295802, 0.0003215780000118684
83, 0.0005065980000154013, 0.00043549600002279476, 0.0003447390000701489
84, 0.0005901910000147836, 0.0004376130000309786, 0.0003198800000063784
85, 0.0004985900000065158, 0.0004448149999234374, 0.0003284840000787881
86, 0.0006841790000180481, 0.00044995199993991264, 0.0003213830000277085
87, 0.0006481990000111182, 0.00045529700003044127, 0.00035415599995758384
88, 0.0006561379999538985, 0.00046126999995976803, 0.00035324499992839264
89, 0.0006266899999900488, 0.00046737600007418223, 0.0003441830000383561
90, 0.0006836169999360209, 0.0004921549999608033, 0.0003638350000301216
91, 0.0006087200000592929, 0.00048111599994626886, 0.00035741800002142554
92, 0.0006823459999623083, 0.0004903530000319734, 0.0003569979999156203
93, 0.0007032350000599763, 0.00048606799998651695, 0.00035603900005298783
94, 0.000599046000047565, 0.000499387999980172, 0.0003794890000108353
95, 0.0006966419999798745, 0.0005022220000228117, 0.00035484800002905104
96, 0.0007054019999941374, 0.0005060219999677429, 0.00041344900000694906
97, 0.0006253369999740244, 0.0005041139999093502, 0.0003904989999909958
98, 0.000764537999998538, 0.0005249450000519573, 0.00039550600001803105
99, 0.0007082660000605756, 0.0005385029999160906, 0.00038415199992414273
100, 0.0006719430000430293, 0.0005274369999597184, 0.0003995069999973566
101, 0.0007481169999437043, 0.000541652999913822, 0.00039796300006855745
102, 0.0007963809999864679, 0.0005402460000141218, 0.0004349869999487055
103, 0.0007937179999544242, 0.0005552430000079767, 0.0004410989999996673
104, 0.0008266989999583529, 0.0005584040000030654, 0.0004014029999552804
105, 0.000922859999946013, 0.0005575709999448009, 0.0004308260000698283
106, 0.0008333719999882305, 0.0005697340000097029, 0.000422925999941981
107, 0.0008735060000617523, 0.0005784080000239555, 0.00042385400001876405
108, 0.0009621169999718404, 0.000587142999961543, 0.00045107899995855405
109, 0.0008983850000277016, 0.0005946420000100261, 0.00043018000008032686
110, 0.0009939230000099997, 0.0005940909999253563, 0.00044063799998639297
111, 0.0008342339999671822, 0.0006007490000001781, 0.0004905980000557975
112, 0.0008814710000706327, 0.0006011540000372406, 0.0004360689999884926
113, 0.0010092829999166497, 0.0006100319999404746, 0.000448115999915899
114, 0.00098695199994836, 0.0006103970000594927, 0.0004507469999452951
115, 0.0009542189999365291, 0.000629838000008931, 0.00044451900009789824
116, 0.0010234259999606365, 0.0006233479999764313, 0.0004471219999686582
117, 0.0010703760000296825, 0.000632110999958968, 0.00046087300006547594
118, 0.0011014860000386761, 0.0006469080000215399, 0.0004770829999642956
119, 0.0010023180000189313, 0.0006458919999658974, 0.0004741660000036063
120, 0.001091915999950288, 0.0006544350000012855, 0.0004925119999370509
121, 0.001070120000008501, 0.0006513970000696645, 0.0005194149999852016
122, 0.0012224399999922753, 0.000661300999922787, 0.00048734700010300003
123, 0.001006330999985039, 0.0006725470000219502, 0.0005333729999392745
124, 0.0011327419999815902, 0.0006734300000061921, 0.0004934419999926831
125, 0.0012117899999566362, 0.0006798599999910948, 0.0005215709999220053
126, 0.0011418520000461285, 0.0006939600000350765, 0.0005425439999271475
127, 0.00126376999992317, 0.0007087129999945319, 0.0005036700000573546
128, 0.0012559399999645393, 0.0007040830000732967, 0.0005013129999724697
129, 0.0012413389999892388, 0.0007096959999444152, 0.0005177460000140854
130, 0.0012269050000668358, 0.00071988499996678, 0.0005471099999567741
131, 0.0013404390000459898, 0.0007261530000732819, 0.0005355700000109209
132, 0.001259019000031003, 0.0007262560000071971, 0.0005869400000619862
133, 0.0012843380000049365, 0.0007417520000672084, 0.0005188779999798498
134, 0.0012748820000751948, 0.0007570389999500549, 0.0005226050000146643
135, 0.001241389000028903, 0.000754683999957706, 0.0005536900000606693
136, 0.0014095520000410033, 0.0007519819999970423, 0.0005665489999273632
137, 0.0014693110000507659, 0.0007715659999121272, 0.0005786730000636453
138, 0.0014455010000347102, 0.0007815779999873484, 0.0005653010000514769
139, 0.0013863189999483438, 0.0007877769999140583, 0.0005758209999839892
140, 0.0014599950000047102, 0.0007835349999822938, 0.0006165530000998842
141, 0.0012476819999847066, 0.0007937299999412062, 0.0005957140000418804
142, 0.0015190780000011728, 0.000809398000001238, 0.0005674069999486164
143, 0.0014979589999484233, 0.0008097820000330103, 0.0006196220000447283
144, 0.0017902529999673789, 0.0008133380000572288, 0.0006091409999271491
145, 0.0017022469999119494, 0.0008321469999827968, 0.0005861280000090119
146, 0.0015500580000207265, 0.0008147329999701469, 0.0005990600000131963
147, 0.001594199999999546, 0.0008265100000244274, 0.0006284820000246327
148, 0.001725481999983458, 0.0008482779999212653, 0.0005890399999088913
149, 0.0015938329999016787, 0.0008468409999977666, 0.0005995740000344085
150, 0.0018068619999667135, 0.0008598120000442577, 0.0006067379999876721
151, 0.0018104399999856469, 0.0008644670000421684, 0.0006391829999756737
152, 0.0016791179999700034, 0.0008653649999814661, 0.0006239990000267426
153, 0.001621424999939336, 0.0008806130000493795, 0.0006373510000230453
154, 0.0018376240000179678, 0.0008817289999569766, 0.0006734410000035496
155, 0.0018639109999867287, 0.0008869709999999031, 0.0006407560000525336
156, 0.0018993359999512904, 0.0008909430000585417, 0.0006470380000109799
157, 0.001986923000004026, 0.0008995580000146219, 0.0007042439999622729
158, 0.001783316000000923, 0.0009085529999310893, 0.0007135749999633845
159, 0.001896024999950896, 0.0009194020000222736, 0.0007339439999896058
160, 0.001909674000103223, 0.0009037979999675372, 0.0006556640000781044
161, 0.001916543999982423, 0.0009346929999765052, 0.0006667579999657391
162, 0.001934150000010959, 0.0009316709999893646, 0.0006609339999386066
163, 0.0019994479999922987, 0.0009482699999807664, 0.0007439649999696485
164, 0.0019319809999842619, 0.0009414060000381141, 0.0006910490000109348
165, 0.002028246999998373, 0.0009456459999910294, 0.0006950829999823327
166, 0.0019686419999516147, 0.0009587690000216753, 0.0006861739999521888
167, 0.0022158009999202477, 0.0009642820000408392, 0.0007037610000679706
168, 0.002172725000036735, 0.0009767760000158887, 0.0007375520000323377
169, 0.0023540539999657994, 0.0009771310000132871, 0.0007330760000741066
170, 0.0020568969999885667, 0.0009801389999211096, 0.0007435479999458039
171, 0.002311953999992511, 0.0009945589999915683, 0.0006966069998952662
172, 0.0020786149999594272, 0.0009999750000133645, 0.0007237390000227606
173, 0.0023084890000291125, 0.001015509000012571, 0.0007607430000007298
174, 0.0022249310000006517, 0.0010146739999754573, 0.0006942500000377549
175, 0.002201585000079831, 0.0010229480000134572, 0.0007584710000401174
176, 0.002383711999982552, 0.0010277629999109195, 0.0007848819999480838
177, 0.002301395000017692, 0.001037536000012551, 0.0007542969999576599
178, 0.002444220000029418, 0.001037209000060102, 0.0007541399999126952
179, 0.00228746899995258, 0.0010478630000534395, 0.0007412100000010469
180, 0.002804047000040555, 0.0010482520000323348, 0.000745483999935459
181, 0.002610731000004307, 0.0010602989999597412, 0.0007648189999827082
182, 0.0027856409999458265, 0.0010602820000258362, 0.0007972189999918555
183, 0.002463442000021132, 0.0010594029999992927, 0.0007573359999923923
184, 0.002628012999934981, 0.001077783000027921, 0.000780987000098321
185, 0.002446731000077307, 0.0010771539999723245, 0.0007758630000580524
186, 0.0027946889999839186, 0.0010859080000500398, 0.0007993500000793574
187, 0.002536725000027218, 0.0010979959999986022, 0.0008134109999673456
188, 0.002850744999932431, 0.0011059519999889744, 0.0008525760000566152
189, 0.0025830969999560693, 0.0011045210000020234, 0.0007661319999670013
190, 0.0026971839999987424, 0.0011149739999609665, 0.0008036100000481383
191, 0.0027014050000389034, 0.001111631999947349, 0.000787332000072638
192, 0.0027003149999700327, 0.0011237050000545423, 0.0008817200000521552
193, 0.002666989000090325, 0.0011334250000345492, 0.0008137470000519897
194, 0.0028917500000034124, 0.0011444329999221736, 0.0008398180000313005
195, 0.0026981629999909273, 0.0011558869999817034, 0.0008047659999874668
196, 0.0026916469998923276, 0.0011619749999454143, 0.0008735790000855559
197, 0.002794587000039428, 0.0011712699999861798, 0.0008134400000017195
198, 0.0029771439999422, 0.001164429000027667, 0.0009585430000242923
199, 0.0028991890000042986, 0.001169580999999198, 0.0008712090000244643
200, 0.0032496240000909893, 0.0011815169999636055, 0.000846734000106153
201, 0.002975226999978986, 0.0011828520000563003, 0.0009269140000469633
202, 0.0029190149999749337, 0.0011879989999670215, 0.0009401730000035968
203, 0.003120800999909079, 0.001205704999961199, 0.0008385190000126386
204, 0.0034728379999933168, 0.0011980770000263874, 0.0008819070000072315
205, 0.0031332199999951627, 0.0012198639999496663, 0.0008754880000196863
206, 0.0031517639999947278, 0.001223236999976507, 0.0008879890000343948
207, 0.002961242999958813, 0.0012281420000590515, 0.000870117999966169
208, 0.0033674699999437507, 0.0012280559999453544, 0.0009416120000196315
209, 0.0032089469999618814, 0.001237435000007281, 0.0008742200000142475
210, 0.0034725519999483367, 0.0012529360000144152, 0.0008803440000519913
211, 0.003405236000048717, 0.001259921000041686, 0.0009080410000024131
212, 0.003486896000026718, 0.0012583930000573673, 0.0008639630000288889
213, 0.0034867050000002564, 0.001277431000062279, 0.0009127880000505684
214, 0.003513603999977022, 0.0012866900000290116, 0.0009355429999686748
215, 0.0032982840000386204, 0.0012803170000097452, 0.0009070700000393117
216, 0.003650571999969543, 0.0012785029999804465, 0.0009126310000056037
217, 0.003565544000025511, 0.001299439000035818, 0.0009167869999373579
218, 0.003675759000088874, 0.0013251320000335909, 0.0009141870000348717
219, 0.0035446460000230218, 0.0013125659999104755, 0.0009231850000332997
220, 0.0036353890000100364, 0.0013209170000436643, 0.0009576530000003913
221, 0.003569277999986298, 0.001350911000031374, 0.0009548240000185615
222, 0.003723683000089295, 0.0013306980000606927, 0.000999757000045065
223, 0.0038667459999714993, 0.0013169069999321437, 0.0009379279999848222
224, 0.00386659299999792, 0.0013460609999356166, 0.0009711669999887818
225, 0.0037885530000494327, 0.0013495379999994839, 0.0009823139999980413
226, 0.004066098999942369, 0.0013501039999255227, 0.000994013999957133
227, 0.0036311179999302112, 0.0013788100000056147, 0.0009600970000747111
228, 0.003921270999967419, 0.0013617010000643859, 0.0010048630000483172
229, 0.003770368999994389, 0.0013840569999956642, 0.0009678360000862085
230, 0.0039612299999589595, 0.0013970270000527307, 0.0009952890000022308
231, 0.004031443000030777, 0.0013863990000118065, 0.0009633760000724578
232, 0.004365145999940978, 0.0013871460000700608, 0.0010558200000332363
233, 0.004032510999991246, 0.0014246580000190079, 0.00100407999991603
234, 0.004278515000009975, 0.0014144329999226102, 0.001003826999976809
235, 0.004016957999965598, 0.0014494910000166783, 0.0009871880000673627
236, 0.00420194100001936, 0.001430427999935091, 0.001026323000019147
237, 0.004311513000061495, 0.0014501310000696321, 0.0009837759999982154
238, 0.004521520000025703, 0.0014494590000140306, 0.0010046579999425376
239, 0.004405352000048879, 0.0014354499999171821, 0.0010314070000276843
240, 0.004184077999980218, 0.0014602129999730096, 0.0010530529999641658
241, 0.004440436999971098, 0.0014604209999333762, 0.0010764659999722426
242, 0.004423307999900317, 0.0014901349999263402, 0.0010992080000278293
243, 0.0044188269999949625, 0.0014750440000170784, 0.0010433150000608293
244, 0.004373443000076804, 0.001482813999928112, 0.0010387499999069405
245, 0.004288376999966204, 0.001495056000067052, 0.0010280059999558944
246, 0.004483941999978924, 0.0014794940000228962, 0.0010665749999816398
247, 0.004842041999950197, 0.0015026340000758864, 0.001021627999989505
248, 0.004651302000070245, 0.0015160069999637926, 0.001035647999970024
249, 0.0045540610000216475, 0.0015126309999686782, 0.001119607000077849
250, 0.0047040389999892795, 0.0015217479999591887, 0.0010658180000291395
251, 0.004929841000034685, 0.0015119030000505518, 0.0011225640000702697
252, 0.004987405000065337, 0.0015586899999107118, 0.0012236820000453008
253, 0.004051471000025231, 0.001541843000040899, 0.0010899699999527002
254, 0.004710746999990079, 0.00153397799999766, 0.0010642360000474582
255, 0.0047720540000000256, 0.0015416809999351244, 0.0010874239999338897
256, 0.004977392999990116, 0.0015594559999954072, 0.0010978510000541064
257, 0.005272577000027923, 0.0015612390000114829, 0.0010794949999990422
258, 0.005054935999964982, 0.0015877000000728003, 0.0011020940000889823
259, 0.005107894000047963, 0.0015804500000058397, 0.0010946260000537222
260, 0.00489995199995974, 0.0016010709999818573, 0.0011793520000082935
261, 0.0052585140000473984, 0.0016007250000029671, 0.001116410999998152
262, 0.004881118999946921, 0.0016108209999856626, 0.0010996400000067297
263, 0.005006578000006812, 0.0016189840000606637, 0.001133363000008103
264, 0.004962154999930135, 0.0016265320000456995, 0.0011528659999839874
265, 0.005162979000033374, 0.0016400550000525982, 0.0011551510000344933
266, 0.0051423439999780385, 0.0016407909999998083, 0.0011432669999749123
267, 0.005190261000052487, 0.0016576730000679163, 0.0011990900000000693
268, 0.005039421999981641, 0.001659744999983559, 0.0011616230000299765
269, 0.005509459999984756, 0.0016666450000002442, 0.0011544010000079652
270, 0.005128300000023955, 0.0016686100000242732, 0.0011515769999732584
271, 0.005510348000029808, 0.0016742320000275868, 0.001165528000001359
272, 0.005636332999984006, 0.001677187999916896, 0.0011696920000758837
273, 0.005839487000002919, 0.0016977149999775065, 0.0011740319999944404
274, 0.005629332000012255, 0.0016965840000011667, 0.0012213689999498456
275, 0.005787562000023172, 0.0017193879999695127, 0.0011663249999855907
276, 0.005915686000093956, 0.0017139740000402526, 0.0012047579999716618
277, 0.005614493000052789, 0.0017433909999908792, 0.0012712609999425695
278, 0.005896964000044136, 0.0017238530000440733, 0.0011900359999117427
279, 0.005915245999972285, 0.0017258290000654597, 0.0012584990000732432
280, 0.005618205000018861, 0.0017481930000258217, 0.001272253000024648
281, 0.005632298000023184, 0.0017678819999673578, 0.0012177500000234431
282, 0.00636673899998641, 0.0017705210000258376, 0.0012893960000610605
283, 0.006092379999927289, 0.0017742219999945519, 0.0012859629999866229
284, 0.006198620999953164, 0.0017833360000167886, 0.0012635309999495803
285, 0.006624519999945733, 0.0017675670000016908, 0.0012568849999752274
286, 0.006324121000034211, 0.001791419000028327, 0.001246009000055892
287, 0.006202775000019756, 0.0017838840000194978, 0.001253121999980067
288, 0.00604153500000848, 0.001799690999973791, 0.001254471000038393
289, 0.00617609400001129, 0.0018208189999313618, 0.0012412379999204859
290, 0.006531512000037765, 0.0018063880000909194, 0.0012389600000233258
291, 0.00629225900001984, 0.0018353940000679358, 0.0012971649999826695
292, 0.0067373230000384865, 0.0018376659999148615, 0.0013175590000855664
293, 0.006339846000059879, 0.0018402470000182802, 0.001336717999947723
294, 0.006858883000063543, 0.001845871000000443, 0.0012640129999681449
295, 0.0064268800000490955, 0.0018654909999895608, 0.0013032310000653524
296, 0.006506852000029539, 0.0018426820000740918, 0.0012831369999730668
297, 0.00622961099998065, 0.0018738459999667612, 0.0012908319999951345
298, 0.006693600000062361, 0.0018724410000459102, 0.0013294430000314605
299, 0.006349594999960573, 0.001887837999902331, 0.001283355000055053
300, 0.006887001999984932, 0.0018933830000378293, 0.00133087799997611
301, 0.006877701000007619, 0.0019024890000309824, 0.0013538580000158618
302, 0.006573918000071899, 0.0018990300000041316, 0.0013363440000375704
303, 0.007418743000016548, 0.0019163599999956205, 0.0013611329999321242
304, 0.007439707999992606, 0.0019282560000419835, 0.001405216000080145
305, 0.007459861999905115, 0.001939391000064461, 0.0013284860000339904
306, 0.006938172999980452, 0.0019152389999135266, 0.001304632000028505
307, 0.00760350500002005, 0.0019339279999712744, 0.001339981999990414
308, 0.0074927090000755925, 0.0019526840000025913, 0.0013550389999181789
309, 0.006969844999957786, 0.001956643999960761, 0.0013249119999727554
310, 0.007763620999980958, 0.0019575150000719077, 0.0013753919999999198
311, 0.007681914999920991, 0.0019631150000805064, 0.0014165269999466545
312, 0.007560111999964647, 0.001997744000050261, 0.001405668000074911
313, 0.007506974999955673, 0.0019869389999485065, 0.001418560999923102
314, 0.007224468000003981, 0.0019841109999561013, 0.0014156659999571275
315, 0.007706491000021742, 0.00198758400006227, 0.001405256999987614
316, 0.007186301999922762, 0.002015016000086689, 0.0013467119999859278
317, 0.007657844999926056, 0.002014973000086684, 0.0013926840000522134
318, 0.007547399000031874, 0.0020080660000303396, 0.0014679779999369202
319, 0.008065878000024895, 0.0020262859999320426, 0.0013715640000100393
320, 0.008054354000023523, 0.0020429139999578183, 0.0013628560000142897
321, 0.008089767999990727, 0.0020517699999800243, 0.00139615800003412
322, 0.007967114000052788, 0.002047037000011187, 0.0014337930000465349
323, 0.008048726999959399, 0.0020687909999423937, 0.0014331639999909385
324, 0.007388176999938878, 0.0020775299999513663, 0.0014043490000403835
325, 0.007652825000036501, 0.002063392000081876, 0.0013784730000452328
326, 0.007922193000013067, 0.0020895310000241807, 0.0014220379999869692
327, 0.008189747000074021, 0.0020898229998920215, 0.0014262710000139123
328, 0.00829462000001513, 0.002101191000065228, 0.0014911900000242895
329, 0.00829775400006838, 0.002096868999956314, 0.0015148950000138939
330, 0.008679966999920907, 0.0020985950000067533, 0.0014719859999559048
331, 0.008303315000034672, 0.0020901899999898887, 0.0014157090000708195
332, 0.008391393000010794, 0.002125387999967643, 0.0014217780000080893
333, 0.008759617000009712, 0.002136976000087998, 0.0014898580000135553
334, 0.008825889000036113, 0.0021038550000866962, 0.0014164749999281412
335, 0.008721069999978681, 0.0021359590000429307, 0.0014152620000231764
336, 0.008459157999936906, 0.0021618309999666963, 0.0014495919999717444
337, 0.008430702999930872, 0.0021553210000320178, 0.0015001330000359303
338, 0.008569663000002947, 0.0021620489999349957, 0.0015318300000899399
339, 0.009008161999986442, 0.0021770959999685147, 0.00157511700001578
340, 0.008369345999994948, 0.0021852119999721253, 0.0016007050001007883
341, 0.008920200000034129, 0.002178708999963419, 0.001516593000019384
342, 0.009111457000017253, 0.0021936850000656705, 0.0015231940000148825
343, 0.008649803999901451, 0.0021946349999097947, 0.0015641710000409148
344, 0.009340245999965191, 0.0022039579999955095, 0.001491201000021647
345, 0.009087770999940403, 0.0022254560000192214, 0.0014899950000426543
346, 0.009388646000047629, 0.0022270890000299914, 0.0015625239999508267
347, 0.009009909000042171, 0.002235078000012436, 0.0016055919999189427
348, 0.009173320999934731, 0.002232306999985667, 0.0015203250000013213
349, 0.009501146000047811, 0.002247438000040347, 0.0015430050000304618
350, 0.009191221999913068, 0.002256982999938373, 0.0015080690000104369
351, 0.009217972999977064, 0.0022499030000062703, 0.0015617669999983264
352, 0.00949304799996753, 0.0022655559999975594, 0.0015086619999920003
353, 0.009605155999906856, 0.0022741569999880085, 0.0015623279999772421
354, 0.009400071999948523, 0.0022967270000435747, 0.001611731999901167
355, 0.008656101000042327, 0.0022901659999661206, 0.0016570970000202578
356, 0.00959114900001623, 0.002280731000041669, 0.001596453999923142
357, 0.009729079999942769, 0.0022938939999903596, 0.0016027980000217212
358, 0.01000910200002636, 0.002313829999934569, 0.0016028430000005756
359, 0.010000338999930136, 0.0022977789999458764, 0.0016627189999098846
360, 0.010034047999965878, 0.0023380609999321678, 0.0015714400000206297
361, 0.009550385000011374, 0.0023260640000444255, 0.0015734180000208653
362, 0.010036525999908008, 0.0023303090000581506, 0.0016386250000550717
363, 0.010291822999988653, 0.002332547000037266, 0.0015609470000299552
364, 0.01008722000005946, 0.0023397250000698477, 0.0016171299999996336
365, 0.009898411999984091, 0.002360335000048508, 0.0016613210000286927
366, 0.010263653999913913, 0.002361188999998376, 0.001638237000065601
367, 0.009990900999923724, 0.002374433999989378, 0.0017759539999815388
368, 0.010290214000065134, 0.00237776100004794, 0.0016727219999665977
369, 0.01041831899999579, 0.00238130800005365, 0.0016547789999776796
370, 0.011168354999995245, 0.0023920589999306685, 0.0017623779999667022
371, 0.010822704000020167, 0.002421774000026744, 0.0016598470000417365
372, 0.01021281100008764, 0.002406933999964167, 0.001661209999952007
373, 0.011148926000032588, 0.0024108050000677395, 0.001624640999921212
374, 0.010885155999972085, 0.0024239010000428607, 0.0016481650000059744
375, 0.011010942000098112, 0.002431315999956496, 0.0016934209999135419
376, 0.010874657000044863, 0.0024281130000645135, 0.001638906000039242
377, 0.010353831999964314, 0.002441703999920719, 0.0016398939999362483
378, 0.010240081000006285, 0.0024459940000269853, 0.0016937289999532368
379, 0.01072215600004256, 0.002458321000062824, 0.0017128119999370028
380, 0.011712706000025719, 0.0024560780000228988, 0.0017645159999801763
381, 0.010989995000045383, 0.002461654999933671, 0.0017649690000780538
382, 0.011618887999929939, 0.0024762609999697816, 0.0017295289999310626
383, 0.010481524999931935, 0.002497093999977551, 0.0017533430000185035
384, 0.011339566000060586, 0.0024843420000024707, 0.0016553129999010707
385, 0.011360701000057816, 0.0024832909999759067, 0.0017237079999858906
386, 0.0110836000000063, 0.0025079040000264285, 0.0017419200000858837
387, 0.011626649000049838, 0.002507256000058078, 0.001692932000082692
388, 0.01210287900005369, 0.002511017000074389, 0.0018218619999288421
389, 0.011501536000082524, 0.0025489930000048844, 0.0017499419999467136
390, 0.011589899999989939, 0.0025376329999744485, 0.0017133699999476448
391, 0.011809783999979118, 0.0025331440000400107, 0.0018236290000004374
392, 0.011936885999944025, 0.002549314000020786, 0.001747033000015108
393, 0.011057182999934412, 0.0025424700000939993, 0.0017699050000601346
394, 0.012199560999988535, 0.002568203999999241, 0.001785625000024993
395, 0.011115958999994291, 0.0025609610000856264, 0.0018803300000627132
396, 0.012513306000073499, 0.002578660000040145, 0.001806038000040644
397, 0.012119491000021299, 0.0025826610000194705, 0.0017665149999857022
398, 0.01199002400005611, 0.002606710000009116, 0.001885319000052732
399, 0.011849221999909787, 0.002596290000042245, 0.0018199689999391921
400, 0.011884474999988015, 0.002603922000048442, 0.0019239169999991645
401, 0.012216684999998506, 0.0026227729999845906, 0.0018648139999868363
402, 0.012202955000020665, 0.002600206000010985, 0.0018411419999893042
403, 0.012556949999975586, 0.002633937000041442, 0.0018291650000037407
404, 0.012461142000006475, 0.0026264749999427295, 0.0018849049999971612
405, 0.012842515999977877, 0.002635933999954432, 0.001956170000084967
406, 0.013223632000062935, 0.0026461329999847294, 0.0019344520000004195
407, 0.01288673299995935, 0.0026679979999926218, 0.0019477690000258008
408, 0.012814095999942765, 0.0026693979999663497, 0.0019353290000481138
409, 0.013314785000034135, 0.002712023000071895, 0.001840273999960118
410, 0.0132887679999385, 0.0026916489999848636, 0.001792814000054932
411, 0.013222377000033703, 0.0026983520000385397, 0.0018706079999901704
412, 0.01291703900005814, 0.002713944000106494, 0.0019268290000127308
413, 0.013709905000041545, 0.0027068379999946046, 0.0018486690000827366
414, 0.012764198000013494, 0.002715719999969224, 0.002339826000024914
415, 0.014059771000006549, 0.002743386999895847, 0.0019102659999816751
416, 0.012826277000044684, 0.0027397640000117462, 0.0019446940000307222
417, 0.01381827299996985, 0.0027636349999511367, 0.001903659000049629
418, 0.013250930000026528, 0.0027610060000142767, 0.0019043620000047667
419, 0.013032101000021612, 0.0027574609999874156, 0.0019380229999796939
420, 0.01241273400000864, 0.0027559670000982806, 0.0019171630000300866
421, 0.014158618999999817, 0.0027862829999776295, 0.0018770249999988664
422, 0.013774724999962018, 0.0027714120000155162, 0.0019207560000040758
423, 0.013231467999958113, 0.0027784619999238203, 0.00188681000008728
424, 0.014121950999992805, 0.0027913529999068487, 0.0019692539999596193
425, 0.01424847900000259, 0.0027944779999415914, 0.0018662630000108038
426, 0.015082937000101992, 0.002813513999967654, 0.0019725939999943876
427, 0.013779699999986406, 0.002821321000055832, 0.002021633000026668
428, 0.014418462999969961, 0.0028172410000024684, 0.0019521719999602283
429, 0.014498680999963653, 0.0028289040000117893, 0.001908007999986694
430, 0.013452381999968566, 0.002836726999930761, 0.0020590549999042196
431, 0.013787049999905321, 0.002840074999994613, 0.0019388679999110536
432, 0.014900921999924321, 0.002851838999959, 0.002004748999979711
433, 0.01445357399995828, 0.0028662760000770504, 0.0019276850000551349
434, 0.014510750999988886, 0.0028806709999571467, 0.001999972000021444
435, 0.014474124999992455, 0.002886890000013409, 0.0019668749999937063
436, 0.014797032999922521, 0.0028896160000613236, 0.001988019999998869
437, 0.014964792999990095, 0.0029023519999782366, 0.0019443159999354975
438, 0.015165453999998135, 0.0029143059999796606, 0.0020486930000060966
439, 0.015711948000102893, 0.0029044200000498677, 0.0019994580000002316
440, 0.014540167999939513, 0.0029171170000381608, 0.0020559209999646555
441, 0.014825371000029008, 0.0029183100000409468, 0.0019773499999473643
442, 0.014541250000092987, 0.0029351449999239776, 0.0022446899999977177
443, 0.015193558000078156, 0.002929847000018526, 0.0020302520000541335
444, 0.015185988999974143, 0.0029480780000312734, 0.002082072000007429
445, 0.015697403999979542, 0.0029393660000778254, 0.002005664999956025
446, 0.015288517000044521, 0.0029466009999623566, 0.0019865130000198405
447, 0.015616549999890594, 0.0029561769999872922, 0.0020558770000889126
448, 0.014714530999981434, 0.00295453199998974, 0.0020081019999906857
449, 0.015624612999999954, 0.0029789269999582757, 0.001984436000043388
450, 0.014802604000010433, 0.0029585980000774725, 0.0020623069999601285
451, 0.01504963099989709, 0.0030092760000570706, 0.0021266510000259586
452, 0.01585371299995586, 0.0030765320000227803, 0.0021569550000322124
453, 0.01683078500002466, 0.003003673999955936, 0.0020556279999937033
454, 0.016277326000022185, 0.0029981110000107947, 0.0021370370000113326
455, 0.01692929399996501, 0.003007137000054172, 0.0020631029999549355
456, 0.015619743000002018, 0.0031521349999366066, 0.0021878830000332528
457, 0.01836914600005457, 0.003065995000042676, 0.0023031880000417004
458, 0.015490243000044757, 0.003033359000028213, 0.002141805000064778
459, 0.01691946400001143, 0.0030580570000893204, 0.002133253000010882
460, 0.017247747999931562, 0.003059343000018089, 0.0020586189999676208
461, 0.01636334700003772, 0.0030934900000829657, 0.00206556900002397
462, 0.01671220399998674, 0.003097006000075453, 0.00219879700000547
463, 0.01647959100000662, 0.003077085999962037, 0.0021277509999890754
464, 0.015516149000063706, 0.003104231000065738, 0.002191415999959645
465, 0.016898717999993096, 0.003088392999984535, 0.002137558000072204
466, 0.017093478000106188, 0.0030717759999561167, 0.0021135549999371506
467, 0.016432711000106792, 0.0031094539999685367, 0.002127159999986361
468, 0.016771265999977913, 0.0031188440000278206, 0.0022719060000326863
469, 0.01685264200000347, 0.0031393460000117557, 0.0021921320000046762
470, 0.01797787500004233, 0.003135485000029803, 0.0022459699999899385
471, 0.01682376700000532, 0.003169488000025922, 0.0021602000000484622
472, 0.01808051400007571, 0.003145141999993939, 0.002111134000074344
473, 0.018149776000086604, 0.003152985000042463, 0.00209875899997769
474, 0.017434759000025224, 0.0031676060000336292, 0.0021592239999108642
475, 0.01742493500000819, 0.003149244999917755, 0.0021769549999817173
476, 0.017560133999950267, 0.0031769250000479587, 0.0022656090000054974
477, 0.01767705199995362, 0.0031790350000164835, 0.0021915940000099
478, 0.017721585999993295, 0.003193027999941478, 0.0022391369999468225
479, 0.018708958999923198, 0.003212684999994053, 0.002224360000013803
480, 0.01783824399990408, 0.003245939999942493, 0.002172717999997076
481, 0.017336779000061142, 0.0032007250000560816, 0.0022200200000952464
482, 0.018289360000039778, 0.0032190599999921687, 0.002170850999959839
483, 0.0182688730000109, 0.003233456999964801, 0.0022007929999290354
484, 0.01749430199993185, 0.00322202000006655, 0.0022096469999723922
485, 0.01762806500005354, 0.00326610799993432, 0.002203090999955748
486, 0.018857485000012275, 0.0032351039999412023, 0.002458355000044321
487, 0.01864590799993948, 0.003248354999982439, 0.0022407750000184024
488, 0.017723688000046423, 0.00325472399993032, 0.002313449999974182
489, 0.019129307999946832, 0.003266064999934315, 0.0023083759999735776
490, 0.018957684000042718, 0.003292496000085521, 0.0023346869999159026
491, 0.018682302000001982, 0.0032766870000386916, 0.0022541360000332133
492, 0.019523710000044048, 0.0033051269999759825, 0.0022440620000452327
493, 0.01901026699999875, 0.003287165999950048, 0.002168748999906711
494, 0.01756644799991136, 0.00330846399992879, 0.0023285539999733373
495, 0.01850167500003863, 0.0033101200000373865, 0.0022763240000358564
496, 0.01866246700001284, 0.0033004530000653176, 0.00227127699997709
497, 0.019003393000048163, 0.003317964999951073, 0.0022945630000776873
498, 0.019461880999983805, 0.003324641999938649, 0.0024091100000305232
499, 0.019244544999992286, 0.0033407150000357433, 0.002493160999961219
